0,2,0.8156,528,374,580,422
0,2,0.6364,505,336,534,360
0,2,0.4302,571,291,593,310
0,2,0.3230,715,277,743,306
1,2,0.6241,577,287,607,310
1,2,0.5468,785,388,854,426
1,2,0.5031,413,389,468,437
2,2,0.7112,408,391,464,441
2,2,0.6538,577,288,606,311
2,2,0.6110,783,386,851,424
3,2,0.6651,774,379,843,417
3,2,0.6574,576,290,604,312
3,2,0.6006,394,400,456,455
4,2,0.7217,380,408,444,465
4,2,0.6509,574,290,602,315
4,2,0.6149,771,373,826,407
4,2,0.5345,770,372,840,412
5,2,0.7127,573,288,602,315
5,2,0.6528,377,410,442,469
5,2,0.5424,769,371,826,403
6,2,0.7741,361,420,434,481
6,2,0.6840,571,290,600,317
6,2,0.5543,768,366,816,398
7,2,0.7705,353,422,429,489
7,2,0.7269,571,290,599,318
7,2,0.5602,764,363,814,394
8,2,0.7388,340,432,419,501
8,2,0.6927,570,291,598,318
8,2,0.5468,760,358,808,389
9,2,0.7663,333,436,412,508
9,2,0.6704,571,291,598,317
9,2,0.6262,760,358,806,387
10,2,0.8191,317,447,402,523
10,2,0.6737,753,351,803,385
10,2,0.6735,566,289,596,320
11,2,0.7248,307,450,394,532
11,2,0.7047,753,349,800,382
11,2,0.4767,565,289,596,321
11,2,0.3187,560,299,595,322
12,2,0.7614,287,464,382,550
12,2,0.7389,753,345,796,375
12,2,0.4148,559,301,593,323
12,2,0.3650,564,289,595,322
13,2,0.8312,275,469,375,560
13,2,0.7147,752,343,790,373
13,2,0.4208,559,302,591,324
13,2,0.3843,569,288,593,322
14,2,0.6933,748,343,788,368
14,2,0.5734,251,484,357,578
14,2,0.5271,556,306,587,325
14,2,0.4306,251,484,403,582
14,2,0.4037,568,290,592,319
14,2,0.3108,746,342,796,371
15,2,0.8202,237,492,350,592
15,2,0.6725,747,342,790,367
15,2,0.4976,556,307,585,326
15,2,0.2751,570,289,591,309
16,2,0.8437,206,512,329,619
16,2,0.6751,742,338,783,363
16,2,0.4951,554,308,582,327
16,2,0.3397,567,290,591,312
17,2,0.8535,190,520,318,632
17,2,0.6366,742,336,784,361
17,2,0.3752,554,310,580,328
17,2,0.3282,570,288,591,308
18,2,0.8682,152,543,294,667
18,2,0.5374,740,334,781,359
19,2,0.8823,130,552,282,693
19,2,0.5266,740,333,777,358
20,2,0.8711,80,573,250,718
20,2,0.6120,739,328,771,354
20,2,0.2969,567,289,590,309
21,2,0.7221,54,575,235,719
21,2,0.6354,737,327,770,352
22,2,0.7449,10,630,195,718
22,2,0.6151,734,326,770,349
23,2,0.6893,736,324,767,346
23,2,0.6875,1,652,171,717
23,2,0.2819,560,288,587,315
24,2,0.7223,733,320,762,343
24,2,0.4447,536,322,568,341
25,2,0.7300,732,319,762,342
25,2,0.3913,534,322,566,341
25,2,0.2985,1065,698,1228,720
26,2,0.8128,1022,650,1209,717
26,2,0.6985,730,319,761,340
26,2,0.6009,527,322,564,345
26,2,0.2789,556,292,580,317
27,2,0.7857,1004,629,1199,718
27,2,0.6191,730,319,761,339
27,2,0.6127,528,322,562,344
27,2,0.2825,555,292,579,318
28,2,0.7464,974,593,1138,708
28,2,0.6356,526,322,558,350
28,2,0.5567,727,316,760,338
28,2,0.4347,554,293,579,320
28,2,0.3421,975,594,1200,714
29,2,0.8257,959,577,1113,684
29,2,0.6538,523,323,556,351
29,2,0.5059,727,314,760,337
29,2,0.3173,552,292,578,321
30,2,0.8272,936,550,1074,644
30,2,0.7192,727,311,758,334
30,2,0.6661,520,327,554,352
30,2,0.3518,551,291,577,321
31,2,0.8261,924,537,1055,630
31,2,0.7312,727,309,758,333
31,2,0.6273,520,327,553,352
31,2,0.4776,548,292,577,321
32,2,0.8556,905,516,1023,602
32,2,0.6477,727,309,754,331
32,2,0.4784,513,330,548,356
32,2,0.4718,542,294,575,324
33,2,0.8481,896,505,1009,584
33,2,0.6708,512,330,547,358
33,2,0.5895,727,309,752,329
33,2,0.4463,542,295,575,325
34,2,0.7842,881,487,984,564
34,2,0.6892,509,333,546,360
34,2,0.5211,726,307,751,328
34,2,0.4791,541,297,573,325
35,2,0.7358,873,477,972,553
35,2,0.6810,507,335,543,363
35,2,0.5415,724,307,750,327
35,2,0.4730,541,300,572,324
35,2,0.2607,543,296,575,327
36,2,0.7496,860,465,951,532
36,2,0.6517,503,340,537,366
36,2,0.4719,540,303,570,326
36,2,0.4435,723,308,750,326
36,2,0.3932,504,336,549,368
37,2,0.7813,852,458,942,521
37,2,0.6192,499,341,538,369
37,2,0.5886,539,302,572,328
37,2,0.4670,721,306,751,325
38,2,0.6971,844,446,924,506
38,2,0.6628,495,345,536,372
38,2,0.5114,536,305,570,331
38,2,0.3326,720,305,748,324
39,2,0.6808,492,344,529,374
39,2,0.6352,838,442,917,500
39,2,0.5202,535,307,572,332
39,2,0.3437,720,305,747,324
40,2,0.7727,489,349,525,379
40,2,0.7375,829,431,901,486
40,2,0.4747,532,304,565,334
40,2,0.3139,490,349,541,379
40,2,0.3095,717,304,745,322
41,2,0.7739,485,351,523,381
41,2,0.7333,825,426,896,479
41,2,0.5509,531,305,563,334
41,2,0.4763,488,350,534,381
41,2,0.2508,532,308,582,335
42,2,0.7454,820,419,885,467
42,2,0.6985,479,353,521,384
42,2,0.5668,528,307,562,336
42,2,0.2749,817,419,864,457
42,2,0.2516,821,418,910,468
43,2,0.7161,811,414,878,459
43,2,0.6678,476,354,520,386
43,2,0.5365,527,306,560,337
44,2,0.6949,806,406,868,450
44,2,0.6097,473,357,513,390
44,2,0.5355,525,313,558,339
45,2,0.6991,469,359,510,392
45,2,0.6695,804,404,867,446
45,2,0.5263,524,312,558,339
45,2,0.2989,802,405,849,440
45,2,0.2829,802,405,826,433
46,2,0.6123,460,364,505,398
46,2,0.5564,796,395,878,439
46,2,0.4233,521,312,556,342
46,2,0.3244,715,299,740,315
47,2,0.5982,793,391,865,433
47,2,0.5790,521,317,553,343
47,2,0.5686,457,365,507,401
47,2,0.2906,715,299,739,314
47,2,0.2552,591,278,610,295
48,2,0.6304,518,317,551,345
48,2,0.6277,450,368,498,406
48,2,0.5747,790,388,842,425
48,2,0.2628,603,293,626,311
49,2,0.7044,514,319,549,347
49,2,0.6965,446,373,495,410
49,2,0.4877,787,386,842,422
49,2,0.4067,785,385,859,425
49,2,0.3068,713,293,737,310
50,2,0.7404,510,320,546,348
50,2,0.7058,782,378,845,414
50,2,0.6087,438,377,490,416
51,2,0.7150,509,319,547,349
51,2,0.5866,780,376,845,412
51,2,0.4970,433,380,487,418
52,2,0.7563,508,320,542,352
52,2,0.5986,777,373,840,406
52,2,0.5253,776,373,824,404
52,2,0.4704,426,386,480,427
53,2,0.7877,506,322,542,353
53,2,0.7138,421,388,476,431
53,2,0.4447,774,371,821,402
53,2,0.3376,771,368,835,404
54,2,0.6479,411,393,471,439
54,2,0.6054,503,323,540,355
54,2,0.5874,768,366,822,396
55,2,0.7072,502,323,538,358
55,2,0.6273,406,395,467,443
55,2,0.5201,769,359,816,394
56,2,0.6690,395,402,458,452
56,2,0.6613,496,323,535,359
56,2,0.4725,766,358,808,388
56,2,0.3101,764,357,818,390
56,2,0.2874,589,292,612,320
57,2,0.6427,389,406,456,459
57,2,0.6321,495,323,534,360
57,2,0.5197,764,357,807,385
57,2,0.3067,589,292,614,321
57,2,0.2654,612,272,638,299
58,2,0.7311,376,413,446,467
58,2,0.6013,762,353,808,382
58,2,0.5260,492,324,532,365
58,2,0.3028,612,274,637,301
59,2,0.7348,369,418,442,473
59,2,0.5944,757,350,807,381
59,2,0.5541,489,326,530,366
60,2,0.7361,352,425,431,487
60,2,0.6440,755,345,803,375
60,2,0.5822,486,329,526,369
61,2,0.7512,348,430,427,491
61,2,0.7283,753,344,801,375
61,2,0.6621,481,332,525,371
62,2,0.7658,754,343,797,370
62,2,0.7259,328,439,414,505
62,2,0.6674,478,334,522,375
63,2,0.7755,753,342,795,368
63,2,0.6824,320,446,407,515
63,2,0.6658,475,336,519,377
64,2,0.6936,299,457,394,535
64,2,0.6882,750,340,788,363
64,2,0.5157,472,335,515,379
64,2,0.3128,583,306,610,332
65,2,0.6971,289,464,387,542
65,2,0.6467,749,338,788,361
65,2,0.5400,469,335,514,381
65,2,0.3192,582,306,611,334
66,2,0.7523,261,480,373,565
66,2,0.6345,744,337,787,359
66,2,0.6091,463,341,509,386
67,2,0.8372,251,486,364,573
67,2,0.5921,743,334,785,359
67,2,0.5197,459,344,506,388
68,2,0.8534,220,505,346,600
68,2,0.6156,455,348,503,393
68,2,0.4756,741,331,779,355
68,2,0.3018,577,309,608,339
68,2,0.2797,573,289,596,317
69,2,0.8631,203,515,335,612
69,2,0.6478,450,350,500,393
69,2,0.5991,741,329,778,352
69,2,0.2501,602,285,629,306
70,2,0.8474,164,536,313,642
70,2,0.6483,445,353,498,400
70,2,0.6135,740,327,772,348
70,2,0.3185,603,287,627,307
71,2,0.8449,143,548,300,664
71,2,0.6541,442,354,495,402
71,2,0.6269,738,326,771,348
71,2,0.3817,602,287,628,307
72,2,0.8645,94,573,271,710
72,2,0.6513,738,323,768,343
72,2,0.5408,435,356,492,408
72,2,0.3811,602,287,627,308
73,2,0.8459,65,572,256,716
73,2,0.6792,737,322,766,342
73,2,0.6386,432,356,488,409
73,2,0.4113,601,287,627,311
74,2,0.6630,10,625,224,719
74,2,0.6469,736,320,766,340
74,2,0.5609,423,356,484,417
75,2,0.7680,9,642,198,718
75,2,0.6130,734,320,766,340
75,2,0.5826,419,362,480,422
75,2,0.5108,599,287,625,313
76,2,0.4887,1,688,148,719
76,2,0.4785,598,287,625,315
76,2,0.4482,567,322,600,355
76,2,0.3710,731,318,766,338
76,2,0.3091,412,367,475,427
77,2,0.6032,597,288,625,316
77,2,0.5580,408,369,472,431
77,2,0.4509,565,324,598,358
77,2,0.4002,730,318,764,337
77,2,0.3643,588,286,625,317
78,2,0.6403,729,314,762,335
78,2,0.5604,561,330,595,362
78,2,0.5551,598,288,624,317
78,2,0.5161,398,372,469,438
78,2,0.4468,586,287,625,319
79,2,0.7211,728,313,760,334
79,2,0.6951,560,332,595,363
79,2,0.6174,595,289,625,318
79,2,0.5395,393,374,462,441
80,2,0.7023,384,379,456,450
80,2,0.5793,729,312,757,330
80,2,0.5683,557,333,594,367
80,2,0.3599,596,290,624,318
81,2,0.5203,377,383,453,455
81,2,0.5195,729,311,755,329
81,2,0.3307,556,334,594,368
82,2,0.5674,728,309,754,328
82,2,0.5068,553,337,592,371
82,2,0.4149,365,388,444,464
83,2,0.6294,553,338,589,374
83,2,0.6102,727,307,753,327
84,2,0.6336,727,307,752,326
84,2,0.5244,347,394,431,480
84,2,0.4641,550,344,588,378
84,2,0.2619,588,295,620,325
85,2,0.7928,340,398,428,484
85,2,0.7251,549,345,587,382
85,2,0.6290,726,306,752,325
85,2,0.3204,588,295,616,325
86,2,0.6950,543,348,584,385
86,2,0.6676,324,405,421,497
86,2,0.4955,726,306,752,324
86,2,0.4393,586,297,616,327
87,2,0.6421,316,409,413,506
87,2,0.5879,541,351,582,387
87,2,0.4997,725,306,752,323
87,2,0.4023,585,299,612,328
87,2,0.2866,542,305,570,325
88,2,0.7124,298,416,404,520
88,2,0.5804,538,353,581,393
88,2,0.4011,583,299,614,331
88,2,0.3315,722,304,752,323
89,2,0.5120,536,354,579,395
89,2,0.4774,289,418,398,524
89,2,0.4531,582,299,616,333
89,2,0.2830,720,304,751,322
90,2,0.7391,267,429,385,545
90,2,0.5816,533,360,575,402
90,2,0.4309,581,298,616,336
90,2,0.3867,533,359,591,403
90,2,0.3139,720,303,750,321
91,2,0.6984,257,432,378,554
91,2,0.6585,530,365,575,405
91,2,0.4689,579,301,615,337
91,2,0.3526,579,312,614,337
91,2,0.3033,538,308,564,333
92,2,0.7537,526,367,574,410
92,2,0.5469,576,298,612,337
93,2,0.7586,524,369,574,414
93,2,0.5511,219,449,356,583
93,2,0.4653,577,311,610,340
93,2,0.4067,577,298,612,339
94,2,0.7360,188,462,336,608
94,2,0.7045,520,372,566,421
94,2,0.3539,576,301,610,341
94,2,0.2915,575,313,609,341
95,2,0.5952,517,374,565,425
95,2,0.5741,171,470,326,624
95,2,0.2986,575,303,611,343
96,2,0.6020,135,485,307,648
96,2,0.4966,509,385,561,435
96,2,0.3910,571,313,608,346
96,2,0.3605,526,320,556,341
96,2,0.3099,574,304,609,340
96,2,0.2850,720,294,740,312
97,2,0.6956,507,388,561,440
97,2,0.5197,115,493,293,669
97,2,0.4361,569,316,608,349
97,2,0.3340,524,321,555,343
97,2,0.3332,569,305,611,349
97,2,0.2952,719,295,739,312
98,2,0.6978,502,394,558,449
98,2,0.4873,68,514,270,708
98,2,0.3745,568,310,608,351
98,2,0.3660,718,293,739,310
98,2,0.2603,522,318,551,345
99,2,0.7214,40,522,256,718
99,2,0.5718,498,397,555,452
99,2,0.4745,716,292,738,310
99,2,0.4723,566,318,605,352
99,2,0.3335,566,306,608,352
100,2,0.7203,491,404,553,467
100,2,0.4879,0,550,224,719
100,2,0.4603,518,322,548,349
100,2,0.4552,564,328,602,356
100,2,0.3653,563,309,611,355
101,2,0.6611,488,405,549,472
101,2,0.4814,560,331,596,357
101,2,0.4559,515,319,548,351
101,2,0.3708,561,314,612,356
101,2,0.3665,562,329,610,357
101,2,0.2940,0,561,207,717
101,2,0.2758,714,290,737,307
102,2,0.6787,479,419,545,482
102,2,0.5950,512,322,545,351
102,2,0.5743,560,333,594,360
102,2,0.3090,560,330,612,359
102,2,0.2721,1,591,164,718
103,2,0.6325,510,322,543,352
103,2,0.6042,557,334,594,362
103,2,0.5611,475,422,542,489
103,2,0.4854,0,610,141,718
103,2,0.2588,714,288,737,306
104,2,0.7469,463,432,537,506
104,2,0.5838,553,337,594,367
104,2,0.5742,507,322,541,356
104,2,0.3180,713,288,736,305
104,2,0.3137,553,334,611,370
104,2,0.2793,0,649,87,717
105,2,0.7558,457,437,535,512
105,2,0.6752,505,323,541,358
105,2,0.5213,553,340,592,368
105,2,0.3355,0,672,53,719
105,2,0.2619,553,334,611,370
106,2,0.7388,448,449,527,533
106,2,0.5936,551,343,590,373
106,2,0.2895,502,329,536,359
107,2,0.6913,442,454,525,542
107,2,0.5766,550,345,586,375
107,2,0.4721,499,328,533,362
108,2,0.6388,428,470,517,559
108,2,0.6130,543,347,583,381
108,2,0.4689,496,329,530,365
109,2,0.7126,419,479,512,572
109,2,0.5820,542,349,582,382
109,2,0.4439,494,333,529,367
110,2,0.8008,401,496,504,599
110,2,0.3929,538,350,584,389
110,2,0.3823,490,335,526,369
111,2,0.8297,391,505,499,617
111,2,0.5979,536,356,577,390
111,2,0.4026,489,337,525,371
111,2,0.3757,563,321,592,351
112,2,0.7966,369,528,489,649
112,2,0.6391,533,360,575,395
112,2,0.4702,481,341,521,376
112,2,0.4011,560,322,592,353
113,2,0.8105,355,539,483,675
113,2,0.7282,530,363,574,397
113,2,0.4659,479,349,517,377
113,2,0.4607,556,322,590,355
114,2,0.8542,328,570,469,716
114,2,0.7202,527,368,572,402
114,2,0.4863,476,342,515,382
114,2,0.4844,555,323,589,358
115,2,0.8607,311,582,460,719
115,2,0.7816,524,368,572,407
115,2,0.5913,554,326,589,361
115,2,0.4871,474,345,512,382
116,2,0.7642,283,625,439,718
116,2,0.6886,520,373,567,414
116,2,0.6384,465,348,508,387
116,2,0.4326,552,330,587,366
117,2,0.7341,285,646,430,718
117,2,0.6652,518,378,563,418
117,2,0.5651,462,349,506,391
117,2,0.4132,551,334,587,368
118,2,0.5914,548,335,585,369
118,2,0.5877,507,384,561,426
118,2,0.4971,458,350,501,394
119,2,0.6763,506,390,558,429
119,2,0.5856,547,336,581,372
119,2,0.4006,456,349,499,397
120,2,0.7514,502,394,555,440
120,2,0.5649,447,352,497,402
120,2,0.4438,545,338,580,376
121,2,0.6742,499,398,553,442
121,2,0.5009,543,339,579,378
121,2,0.4984,444,354,494,404
121,2,0.3048,498,398,569,447
122,2,0.6226,491,405,549,450
122,2,0.5427,536,344,578,384
122,2,0.3479,440,354,489,412
123,2,0.6228,535,348,574,385
123,2,0.6056,431,361,485,415
123,2,0.5877,489,409,547,459
124,2,0.6894,479,420,540,475
124,2,0.6648,532,350,572,391
124,2,0.5910,425,368,478,421
125,2,0.6777,532,350,570,393
125,2,0.6213,421,370,477,425
125,2,0.5305,474,423,561,481
125,2,0.5138,475,424,537,479
126,2,0.7012,528,354,570,398
126,2,0.6680,464,433,541,497
126,2,0.6570,411,374,470,432
127,2,0.6895,459,440,534,503
127,2,0.6320,523,356,569,402
127,2,0.5488,408,376,467,436
128,2,0.7119,398,384,461,445
128,2,0.6848,449,451,524,518
128,2,0.6463,521,361,565,407
129,2,0.7881,393,388,456,449
129,2,0.6307,519,366,562,411
129,2,0.6109,442,455,521,534
130,2,0.6823,381,390,448,457
130,2,0.6767,512,368,561,417
130,2,0.6597,427,473,514,557
131,2,0.6657,420,482,509,566
131,2,0.6626,507,369,559,419
131,2,0.5811,377,392,445,464
132,2,0.7130,402,499,500,598
132,2,0.6364,363,400,436,474
132,2,0.5655,505,372,555,427
133,2,0.7720,390,511,494,610
133,2,0.6953,356,402,431,480
133,2,0.5428,504,377,553,433
134,2,0.7329,365,531,482,642
134,2,0.6814,496,385,551,440
134,2,0.6703,342,412,422,492
135,2,0.8276,354,543,475,666
135,2,0.7467,336,416,416,500
135,2,0.5977,493,389,549,443
136,2,0.7468,318,424,405,512
136,2,0.7146,322,577,511,717
136,2,0.5527,487,396,545,455
137,2,0.6827,484,399,543,460
137,2,0.6612,308,427,399,520
137,2,0.5976,305,594,451,717
138,2,0.7435,276,633,428,717
138,2,0.6618,288,439,385,539
138,2,0.6330,475,401,537,472
138,2,0.6154,1019,666,1195,719
139,2,0.7596,1002,648,1197,718
139,2,0.7142,277,657,419,719
139,2,0.6770,277,447,378,544
139,2,0.6526,470,408,535,479
140,2,0.8198,972,611,1127,716
140,2,0.6917,253,458,362,568
140,2,0.6811,458,420,528,491
141,2,0.7826,959,594,1104,704
141,2,0.6776,456,425,527,497
141,2,0.6296,240,468,354,577
142,2,0.8134,934,565,1066,663
142,2,0.7810,210,483,335,604
142,2,0.7258,446,436,520,512
143,2,0.8432,194,490,325,619
143,2,0.7840,925,553,1051,645
143,2,0.7178,441,441,517,523
144,2,0.7741,426,449,509,543
144,2,0.7677,158,509,301,650
144,2,0.6878,905,532,1020,615
145,2,0.8789,137,519,289,667
145,2,0.7421,419,451,506,551
145,2,0.7269,897,522,1007,604
146,2,0.8140,88,543,261,708
146,2,0.7515,884,506,983,579
146,2,0.7118,405,473,499,569
147,2,0.8501,61,557,245,720
147,2,0.7234,397,482,492,580
147,2,0.7081,884,497,969,574
148,2,0.7673,378,499,484,613
148,2,0.7618,6,574,210,720
148,2,0.7015,864,478,953,546
149,2,0.8738,364,508,478,635
149,2,0.7521,857,473,942,541
149,2,0.7264,1,599,192,718
150,2,0.8417,342,530,467,665
150,2,0.7156,0,643,138,718
150,2,0.7035,851,463,926,523
151,2,0.8223,842,454,917,516
151,2,0.8032,326,541,459,699
151,2,0.4298,0,664,111,718
152,2,0.6647,832,445,901,502
152,2,0.5970,294,566,514,718
152,2,0.5099,295,561,442,718
153,2,0.8235,828,439,897,496
153,2,0.6398,278,584,435,719
154,2,0.8007,248,622,411,720
154,2,0.6461,821,431,885,484
155,2,0.8241,247,644,400,718
155,2,0.6463,818,425,882,477
155,2,0.2654,586,279,606,298
156,2,0.6244,810,418,868,466
156,2,0.3273,584,281,606,300
156,2,0.2640,243,697,362,719
157,2,0.6682,807,414,865,461
157,2,0.2680,584,281,605,300
158,2,0.5855,801,407,855,452
158,2,0.3512,800,407,829,450
158,2,0.2530,801,407,818,448
159,2,0.6075,796,401,853,448
159,2,0.3224,796,404,818,445
159,2,0.3054,797,402,875,449
160,2,0.4437,792,398,846,442
160,2,0.3286,578,285,601,302
161,2,0.5634,791,394,840,436
161,2,0.2797,577,284,601,302
162,2,0.4461,785,389,835,426
162,2,0.3052,577,285,600,303
163,2,0.4379,784,386,833,425
163,2,0.3957,576,285,599,303
164,2,0.5287,779,381,823,419
164,2,0.3475,573,286,600,305
164,2,0.2866,776,381,844,419
165,2,0.6029,776,379,819,415
165,2,0.3718,573,286,600,305
165,2,0.3360,774,379,846,417
166,2,0.5542,773,374,815,408
166,2,0.3989,573,288,601,306
166,2,0.3033,770,373,842,414
167,2,0.6639,770,371,813,405
167,2,0.2763,572,288,600,306
168,2,0.5988,770,368,808,401
168,2,0.4807,571,288,595,306
169,2,0.5553,767,367,805,397
169,2,0.3601,571,287,594,306
170,2,0.4642,765,361,801,392
170,2,0.2622,570,287,593,307
171,2,0.5779,762,359,801,391
171,2,0.4458,570,288,592,308
172,2,0.6270,757,351,798,387
172,2,0.2940,569,288,589,308
173,2,0.5601,754,349,801,386
173,2,0.3900,567,289,588,309
174,2,0.7577,754,346,794,382
174,2,0.3465,563,289,588,311
175,2,0.7485,753,347,791,381
175,2,0.3268,559,288,587,313
176,2,0.6684,752,344,787,375
176,2,0.3087,559,289,586,314
176,2,0.2783,751,343,800,378
177,2,0.5692,751,344,787,372
177,2,0.2687,558,288,586,315
178,2,0.6160,750,343,783,370
179,2,0.5842,749,343,781,369
179,2,0.2608,557,293,583,316
180,2,0.6874,744,340,781,366
180,2,0.3372,555,293,581,316
181,2,0.5570,742,339,778,364
181,2,0.3069,554,293,583,317
182,2,0.5190,742,336,777,361
182,2,0.4655,554,293,577,317
183,2,0.4512,742,335,773,359
183,2,0.2774,552,294,576,318
184,2,0.4152,740,332,772,358
185,2,0.5464,739,330,770,357
186,2,0.5392,738,327,768,353
187,2,0.5437,738,327,766,351
188,2,0.5550,736,324,762,346
189,2,0.5376,736,322,762,344
190,2,0.5369,734,320,760,343
191,2,0.5358,733,319,759,342
192,2,0.4107,731,318,758,341
193,2,0.4078,730,318,758,340
194,2,0.3781,531,307,567,334
194,2,0.3588,729,314,759,338
195,2,0.4870,729,313,759,337
195,2,0.4411,529,309,563,335
196,2,0.5994,728,312,758,334
197,2,0.6212,728,310,756,333
198,2,0.4236,728,308,752,330
199,2,0.4604,727,308,750,329
202,2,0.2896,513,317,546,345
203,2,0.3923,511,317,545,346
204,2,0.3923,576,318,606,346
204,2,0.2872,508,318,542,349
205,2,0.4691,576,319,605,347
205,2,0.3428,506,318,542,350
206,2,0.5814,573,321,603,350
206,2,0.4594,503,321,540,352
207,2,0.5548,571,322,602,351
207,2,0.3340,501,322,539,354
208,2,0.4562,497,325,534,356
208,2,0.3493,568,322,603,353
209,2,0.3790,567,326,601,353
209,2,0.2623,496,325,530,357
210,2,0.3561,568,326,599,358
211,2,0.3759,567,330,596,358
211,2,0.2906,489,329,525,363
212,2,0.5461,562,335,595,364
212,2,0.3097,482,335,522,364
213,2,0.6365,559,336,596,367
213,2,0.5479,480,333,524,369
214,2,0.4428,559,337,595,369
214,2,0.4013,476,334,515,370
215,2,0.6576,555,337,592,372
215,2,0.4144,474,334,515,373
216,2,0.6528,553,338,591,376
216,2,0.4837,468,335,512,378
217,2,0.6884,551,344,590,379
217,2,0.6056,465,338,511,381
218,2,0.6759,549,349,588,383
218,2,0.5482,459,342,507,384
219,2,0.6573,546,351,587,385
219,2,0.4434,456,344,533,386
219,2,0.4062,457,346,501,386
220,2,0.7020,449,347,498,391
220,2,0.6119,542,352,582,391
221,2,0.6145,448,349,495,393
221,2,0.5641,541,354,581,393
222,2,0.6326,536,361,579,398
222,2,0.6085,441,352,492,395
222,2,0.2644,590,304,616,322
223,2,0.6533,536,364,577,400
223,2,0.5131,437,353,489,399
223,2,0.3210,590,304,614,322
224,2,0.7190,530,367,576,409
224,2,0.4838,428,357,485,404
224,2,0.3017,589,305,610,324
225,2,0.6953,528,369,574,411
225,2,0.5417,423,357,481,410
225,2,0.3919,588,306,609,326
226,2,0.7101,522,374,571,420
226,2,0.4978,416,361,502,418
226,2,0.4413,587,308,609,329
226,2,0.4391,415,363,472,418
227,2,0.6031,521,376,569,424
227,2,0.5048,586,308,611,332
227,2,0.4391,411,344,557,422
228,2,0.7151,515,383,564,433
228,2,0.4958,584,310,611,334
228,2,0.3176,402,341,558,427
229,2,0.7286,513,387,564,438
229,2,0.4525,583,310,609,335
229,2,0.3490,396,371,461,433
230,2,0.7478,385,376,455,442
230,2,0.7292,505,394,560,445
230,2,0.4898,579,314,613,338
231,2,0.7372,380,381,450,445
231,2,0.7166,503,398,557,449
231,2,0.5592,577,315,609,338
232,2,0.7250,496,405,554,464
232,2,0.7186,368,385,443,456
232,2,0.6840,577,318,606,340
233,2,0.7439,362,388,440,460
233,2,0.6655,492,410,551,468
233,2,0.5354,577,318,606,341
234,2,0.8365,349,394,430,472
234,2,0.7728,484,418,548,481
234,2,0.5857,573,320,601,342
235,2,0.7064,342,396,426,478
235,2,0.6655,480,422,544,487
235,2,0.6252,571,320,601,345
236,2,0.8061,325,405,415,488
236,2,0.7060,469,434,540,504
236,2,0.5048,570,323,597,348
237,2,0.8260,464,438,536,511
237,2,0.8047,318,410,411,497
237,2,0.6328,568,324,600,351
238,2,0.7504,453,451,530,527
238,2,0.7140,567,324,598,352
238,2,0.6418,298,418,399,511
239,2,0.8026,445,456,525,537
239,2,0.7205,289,422,392,519
239,2,0.6154,565,324,598,353
240,2,0.7980,433,474,518,562
240,2,0.7263,266,433,378,537
240,2,0.5212,560,329,592,357
241,2,0.7978,425,482,515,570
241,2,0.7633,255,438,372,545
241,2,0.5135,560,331,590,359
242,2,0.8673,405,500,504,602
242,2,0.6423,228,452,353,563
242,2,0.6301,556,335,587,363
243,2,0.8933,396,512,499,616
243,2,0.7163,212,458,345,575
243,2,0.6566,555,335,586,365
244,2,0.8998,372,535,487,655
244,2,0.6952,553,336,586,368
244,2,0.6566,179,475,324,608
245,2,0.8609,359,547,481,678
245,2,0.6625,552,337,586,370
245,2,0.6013,161,482,313,615
246,2,0.8773,326,579,466,719
246,2,0.7225,120,500,289,649
246,2,0.5282,550,342,582,373
247,2,0.8503,310,596,457,718
247,2,0.7658,96,511,276,679
247,2,0.6171,547,344,581,376
248,2,0.7162,293,641,435,719
248,2,0.6786,543,349,580,382
248,2,0.5408,41,534,247,717
249,2,0.7080,10,549,228,717
249,2,0.6733,541,351,579,384
249,2,0.5527,271,666,418,718
250,2,0.7363,537,352,573,390
250,2,0.6403,0,576,197,719
251,2,0.6602,535,355,571,390
252,2,0.6983,531,360,571,398
253,2,0.6761,528,363,569,400
253,2,0.2513,1226,303,1266,323
254,2,0.7099,524,368,564,406
255,2,0.7521,520,369,564,410
256,2,0.8063,517,373,557,417
257,2,0.7519,510,375,556,421
258,2,0.7046,505,384,556,430
259,2,0.7104,503,388,553,433
260,2,0.7868,496,393,549,443
261,2,0.7222,492,397,547,448
262,2,0.7702,485,404,542,458
263,2,0.7355,480,406,540,465
264,2,0.7953,471,421,535,477
265,2,0.7875,468,422,530,483
265,2,0.4405,1165,299,1202,315
266,2,0.7827,456,435,524,498
266,2,0.2792,1152,298,1192,316
267,2,0.7624,451,437,520,507
267,2,0.3627,1153,297,1187,315
268,2,0.7268,438,449,514,525
268,2,0.4247,1146,296,1185,316
269,2,0.7533,431,449,510,536
269,0,0.4632,1229,654,1279,720
269,2,0.2956,1144,297,1178,316
270,2,0.7230,416,472,500,556
270,2,0.6334,801,680,957,718
270,2,0.5770,1167,606,1279,718
271,2,0.7775,407,480,496,569
271,2,0.7250,793,660,955,718
272,2,0.8237,389,500,487,594
272,2,0.7923,779,624,957,717
273,2,0.8444,374,508,480,611
273,2,0.7010,774,609,974,718
274,2,0.8440,353,532,467,645
274,2,0.7062,772,577,910,716
275,2,0.8525,337,541,459,667
275,2,0.6893,763,568,897,705
276,2,0.8153,756,545,876,671
276,2,0.7400,305,576,440,715
277,2,0.8191,753,535,869,650
277,2,0.6166,286,594,432,718
278,2,0.8160,257,634,406,719
278,2,0.8001,745,517,855,629
278,2,0.2543,600,287,623,310
279,2,0.7475,741,510,847,613
279,2,0.3592,254,659,390,719
280,2,0.7886,735,495,834,591
281,2,0.7732,735,486,829,579
281,2,0.2668,597,287,624,311
282,2,0.7519,833,665,992,719
282,2,0.7030,737,472,820,562
282,2,0.2698,1072,293,1104,310
283,2,0.8220,825,645,986,719
283,2,0.7714,728,467,815,551
283,2,0.3296,1069,293,1104,310
284,2,0.8058,724,456,807,538
284,2,0.7175,808,609,956,719
284,2,0.3966,1062,293,1095,309
285,2,0.7848,724,451,800,530
285,2,0.7598,801,590,947,714
285,2,0.4691,1059,292,1095,310
285,2,0.3916,801,590,1015,715
286,2,0.8292,790,564,922,681
286,2,0.7906,721,441,793,516
286,2,0.4175,1053,292,1088,309
287,2,0.8848,783,553,912,663
287,2,0.7466,721,436,790,510
287,2,0.4675,1050,292,1086,310
288,2,0.8522,775,531,891,632
288,2,0.7060,716,429,785,496
288,2,0.4134,1047,290,1080,309
289,2,0.8388,770,521,883,618
289,2,0.6711,716,424,781,490
289,2,0.3685,1044,290,1075,308
290,2,0.8735,762,503,865,592
290,2,0.7076,710,413,776,480
290,2,0.3990,1032,291,1070,308
291,2,0.8411,759,494,858,581
291,2,0.7681,711,413,774,476
291,2,0.4407,1031,290,1066,309
292,2,0.8028,752,479,845,560
292,2,0.6637,711,408,770,468
292,2,0.4092,1023,290,1058,308
292,2,0.3665,583,307,612,328
293,2,0.8477,750,472,838,553
293,2,0.4749,709,406,767,463
293,2,0.3953,1021,290,1055,308
293,2,0.3516,583,306,611,330
294,2,0.7955,746,461,828,537
294,2,0.5281,705,399,761,455
294,2,0.4251,581,306,610,332
294,2,0.2817,1011,289,1049,308
295,2,0.7650,740,454,822,529
295,2,0.4400,704,398,759,451
295,2,0.3829,580,307,610,334
296,2,0.7831,737,444,815,508
296,2,0.4380,703,391,756,443
296,2,0.2787,577,308,608,336
297,2,0.6745,736,442,811,505
297,2,0.2615,587,260,613,293
298,2,0.7240,820,660,969,718
298,2,0.6264,732,430,801,488
299,2,0.7907,812,643,979,718
299,2,0.6746,730,424,799,485
300,2,0.7870,798,610,942,716
300,2,0.6746,727,415,792,473
300,2,0.3262,572,315,603,342
301,2,0.6534,725,411,788,469
301,2,0.6289,792,597,986,715
301,2,0.3188,570,319,602,344
301,2,0.3118,698,376,745,421
302,2,0.8217,778,569,908,677
302,2,0.7136,723,406,783,457
302,2,0.4571,697,372,741,416
302,2,0.4048,568,319,600,348
303,2,0.8182,773,558,895,665
303,2,0.7926,720,403,780,454
303,2,0.3195,697,369,739,412
303,2,0.2646,567,321,597,348
304,2,0.8170,765,535,875,629
304,2,0.7282,721,399,778,448
304,2,0.3678,563,322,597,352
305,2,0.7952,761,526,867,611
305,2,0.6842,717,396,772,444
305,2,0.4530,561,322,597,353
305,2,0.2658,697,366,735,405
306,2,0.7293,753,507,852,587
306,2,0.6115,715,386,767,433
306,2,0.3689,558,323,593,356
307,2,0.8326,751,499,843,575
307,2,0.5480,716,384,765,431
307,2,0.3602,557,323,591,359
308,2,0.7863,745,483,834,558
308,2,0.4694,713,383,766,424
308,2,0.2687,555,328,590,363
309,2,0.7920,743,477,825,544
309,2,0.3470,553,330,589,364
309,2,0.3014,713,380,762,420
310,2,0.7582,736,464,820,526
310,2,0.4180,551,333,587,368
310,2,0.4166,710,375,758,415
311,2,0.7604,736,459,811,523
311,2,0.5917,710,373,758,413
311,2,0.4842,548,335,587,369
312,2,0.6574,705,368,759,409
312,2,0.6305,731,447,800,508
312,2,0.4834,544,336,581,374
313,2,0.6873,728,443,796,502
313,2,0.5901,543,337,581,376
313,2,0.5228,705,366,766,408
313,2,0.2602,691,346,726,379
314,2,0.6092,725,432,791,487
314,2,0.4973,704,362,754,402
314,2,0.4347,539,343,578,381
314,2,0.2636,688,341,722,375
315,2,0.6083,703,360,756,401
315,2,0.5975,722,427,787,482
315,2,0.5013,535,346,579,383
315,2,0.2920,688,339,721,373
316,2,0.6729,703,357,751,395
316,2,0.6393,720,417,781,472
316,2,0.5898,531,350,573,387
317,2,0.6283,528,351,572,392
317,2,0.6162,718,415,780,465
317,2,0.6113,702,358,752,393
318,2,0.7374,715,412,775,455
318,2,0.7067,844,662,992,718
318,2,0.6915,524,354,570,395
318,2,0.5383,701,356,745,387
319,2,0.8146,837,642,996,719
319,2,0.7507,713,408,772,450
319,2,0.6469,521,355,567,401
319,2,0.4149,700,353,744,387
320,2,0.6871,712,400,765,443
320,2,0.5855,820,607,960,719
320,2,0.5817,516,361,565,408
320,2,0.4067,821,607,1019,719
320,2,0.3950,699,351,744,382
321,2,0.7806,815,584,946,711
321,2,0.6356,711,397,767,440
321,2,0.5697,511,364,563,411
321,2,0.4354,699,348,738,381
322,2,0.8246,801,563,920,668
322,2,0.6780,708,390,759,432
322,2,0.6539,506,368,558,419
322,2,0.4967,698,342,736,376
323,2,0.8198,795,552,910,648
323,2,0.7036,505,372,557,423
323,2,0.6350,706,388,758,427
323,2,0.3714,696,339,736,375
324,2,0.7987,785,530,889,617
324,2,0.5420,498,378,552,434
324,2,0.5202,704,383,759,421
324,2,0.3289,694,337,737,372
325,2,0.8182,779,520,881,608
325,2,0.6388,493,381,550,439
325,2,0.5552,704,379,753,421
326,2,0.8296,772,503,864,581
326,2,0.6042,485,388,545,447
326,2,0.5119,701,378,750,412
326,2,0.2944,693,334,737,365
327,2,0.8207,770,494,857,572
327,2,0.4996,481,392,546,455
327,2,0.4281,700,376,749,411
328,2,0.6991,763,475,844,551
328,2,0.5611,472,399,537,468
328,2,0.4712,700,367,749,404
329,2,0.7989,760,469,841,543
329,2,0.7537,843,681,991,718
329,2,0.6035,465,401,533,473
329,2,0.3937,700,368,747,403
330,2,0.8318,825,639,993,719
330,2,0.7591,753,460,828,525
330,2,0.7022,456,415,527,487
330,2,0.3920,546,318,577,344
330,2,0.2791,695,362,741,396
331,2,0.8211,753,454,824,519
331,2,0.7228,816,619,973,718
331,2,0.7218,451,418,524,497
331,2,0.5066,544,318,574,346
331,2,0.3445,690,324,749,394
331,2,0.2885,693,348,748,395
332,2,0.7833,803,580,936,712
332,2,0.7363,748,444,816,505
332,2,0.6814,438,431,516,513
332,2,0.5077,541,319,573,348
332,2,0.4997,690,323,744,389
333,2,0.8015,798,574,923,691
333,2,0.7725,746,440,812,495
333,2,0.5801,430,436,511,524
333,2,0.5273,690,324,742,387
333,2,0.5107,540,320,572,349
334,2,0.7941,786,548,904,647
334,2,0.6856,416,449,504,541
334,2,0.5556,690,324,741,385
334,2,0.5417,741,428,805,484
334,2,0.5265,536,322,569,351
335,2,0.7685,780,537,889,635
335,2,0.5986,738,419,801,480
335,2,0.5804,689,324,741,383
335,2,0.5500,535,325,569,352
335,2,0.5283,407,450,500,554
335,2,0.4621,739,420,830,484
335,2,0.2530,690,321,737,354
336,2,0.8032,772,517,872,609
336,2,0.6978,738,415,797,470
336,2,0.5413,530,326,566,354
336,2,0.5383,689,326,741,379
336,2,0.4222,388,472,489,579
337,2,0.7938,768,509,862,594
337,2,0.5345,376,483,483,595
337,2,0.5209,689,343,735,377
337,2,0.5154,734,414,789,465
337,2,0.4663,529,325,561,355
337,2,0.4651,689,320,736,377
337,2,0.4328,735,413,817,468
338,2,0.6818,1070,675,1262,719
338,2,0.5830,760,485,849,573
338,2,0.5774,732,407,784,452
338,2,0.4979,524,325,558,358
338,2,0.4965,689,346,733,372
338,2,0.4764,689,316,736,372
338,2,0.2657,350,503,469,630
339,2,0.8116,758,483,841,562
339,2,0.7350,1053,659,1242,718
339,2,0.6941,729,402,784,450
339,2,0.6398,522,327,557,361
339,2,0.6366,336,514,462,642
339,2,0.4984,688,315,736,371
339,2,0.4611,688,344,736,371
340,2,0.8264,1021,624,1207,718
340,2,0.7588,752,469,830,544
340,2,0.6553,727,398,785,442
340,2,0.6519,301,539,445,699
340,2,0.5174,519,329,553,364
340,2,0.4835,689,315,735,369
341,2,0.7553,749,465,825,535
341,2,0.7460,1007,608,1182,716
341,2,0.6040,282,551,435,718
341,2,0.5929,726,392,776,438
341,2,0.4745,726,393,798,439
341,2,0.4722,515,330,554,368
341,2,0.4429,688,312,736,366
341,2,0.2859,517,328,565,366
342,2,0.8063,244,598,411,720
342,2,0.7448,981,581,1138,697
342,2,0.7420,746,452,816,511
342,2,0.6349,724,384,770,429
342,2,0.5922,512,334,548,371
342,2,0.4412,687,312,731,362
343,2,0.7909,227,623,398,720
343,2,0.7214,742,448,815,510
343,2,0.6407,970,568,1118,661
343,2,0.6246,721,386,776,427
343,2,0.5962,510,332,548,373
343,2,0.5081,688,336,728,363
343,2,0.3037,686,309,732,362
344,2,0.7384,737,438,802,497
344,2,0.6906,719,382,769,421
344,2,0.6066,505,337,543,376
344,2,0.5403,686,313,729,359
344,2,0.5044,950,546,1086,637
344,2,0.3465,220,675,359,718
345,2,0.7274,736,433,801,490
345,2,0.7259,716,379,763,418
345,2,0.6899,502,339,540,378
345,2,0.6247,940,537,1071,615
345,2,0.5381,687,309,727,357
346,2,0.6905,715,375,760,411
346,2,0.6647,497,344,539,383
346,2,0.6428,733,425,793,479
346,2,0.5189,923,520,1041,599
346,2,0.4084,686,308,729,354
346,2,0.2888,545,274,583,320
347,2,0.6897,714,373,759,409
347,2,0.6400,732,422,791,474
347,2,0.6341,493,346,536,384
347,2,0.6039,915,510,1029,581
347,2,0.4869,685,308,730,353
348,2,0.7003,713,367,754,402
348,2,0.6941,488,349,531,387
348,2,0.6588,726,414,784,462
348,2,0.6361,900,494,1008,573
348,2,0.6128,859,679,996,719
348,2,0.5439,686,307,729,352
349,2,0.7292,848,660,987,719
349,2,0.6326,723,411,781,457
349,2,0.6285,484,351,529,389
349,2,0.5929,713,365,754,400
349,2,0.5463,894,488,996,568
349,2,0.4879,686,308,729,351
350,2,0.7262,477,355,523,395
350,2,0.7083,829,618,970,719
350,2,0.6516,883,478,976,542
350,2,0.5339,685,305,724,347
350,2,0.5251,710,361,752,395
350,2,0.4675,722,405,777,447
351,2,0.6590,821,601,954,716
351,2,0.6029,475,356,520,399
351,2,0.5631,882,473,967,543
351,2,0.5233,709,361,753,394
351,2,0.4862,724,402,775,443
351,2,0.4518,685,304,722,345
351,2,0.4411,821,601,1008,718
352,2,0.6756,866,462,950,515
352,2,0.6567,808,573,928,675
352,2,0.5979,469,358,516,403
352,2,0.4899,708,357,757,391
352,2,0.4423,720,394,769,439
352,2,0.3498,685,304,723,343
353,2,0.8497,800,560,913,649
353,2,0.6634,464,358,513,406
353,2,0.6145,869,457,942,512
353,2,0.6137,717,389,768,435
353,2,0.4780,708,355,746,387
353,2,0.4528,684,304,721,342
353,2,0.2589,861,455,941,501
354,2,0.7202,788,535,892,622
354,2,0.6594,457,366,510,412
354,2,0.5835,714,386,763,426
354,2,0.5159,851,446,928,503
354,2,0.4350,685,305,718,340
354,2,0.3794,705,351,744,381
355,2,0.7430,785,525,884,607
355,2,0.6476,452,369,507,415
355,2,0.6158,715,381,761,424
355,2,0.6070,847,442,919,485
355,2,0.4271,705,349,742,379
355,2,0.4260,685,304,719,339
356,2,0.7880,775,507,867,583
356,2,0.6757,838,433,911,489
356,2,0.5787,705,377,758,415
356,2,0.4962,444,374,497,422
356,2,0.3109,706,356,757,415
356,2,0.3009,684,304,718,338
356,2,0.2771,705,350,738,376
357,2,0.7994,771,499,858,572
357,2,0.6258,834,429,901,478
357,2,0.5968,706,376,756,413
357,2,0.5878,441,378,494,426
358,2,0.8377,765,481,847,554
358,2,0.6563,706,370,753,409
358,2,0.6395,430,381,489,435
358,2,0.6125,828,422,894,473
358,2,0.3840,684,301,722,335
358,2,0.2936,703,343,736,371
359,2,0.8244,761,474,840,544
359,2,0.5756,425,383,485,440
359,2,0.4552,705,369,751,407
359,2,0.4497,824,419,888,466
359,2,0.3059,683,300,721,334
359,2,0.2613,702,341,753,404
360,2,0.7823,755,463,829,524
360,2,0.6438,414,389,477,449
360,2,0.5560,818,412,878,452
360,2,0.5127,700,339,750,401
360,2,0.2963,701,339,746,378
360,2,0.2755,682,299,715,333
360,2,0.2705,702,355,749,402
361,2,0.8706,753,456,823,517
361,2,0.5918,701,354,748,398
361,2,0.5297,409,391,472,454
361,2,0.5028,818,410,872,448
362,2,0.7121,397,403,465,464
362,2,0.6683,747,446,817,502
362,2,0.5056,700,348,752,395
362,2,0.4841,808,401,868,449
362,2,0.4625,808,402,899,452
363,2,0.7834,744,441,810,494
363,2,0.7696,391,404,462,470
363,2,0.5299,700,350,760,395
363,2,0.4813,805,399,862,443
363,2,0.4741,700,354,749,392
363,2,0.4028,805,399,883,445
364,2,0.7241,377,410,448,480
364,2,0.6959,740,430,802,483
364,2,0.5414,701,353,746,388
364,2,0.3818,740,430,827,485
364,2,0.3601,801,394,855,434
365,2,0.7112,370,414,445,488
365,2,0.6967,737,424,801,477
365,2,0.5534,700,353,742,386
365,2,0.5082,799,391,852,433
366,2,0.6967,353,424,435,501
366,2,0.6378,734,417,794,466
366,2,0.6069,700,348,741,381
366,2,0.4486,794,386,847,425
366,2,0.3355,682,296,711,324
367,2,0.7633,732,414,788,460
367,2,0.6404,345,427,428,507
367,2,0.5586,792,384,841,421
367,2,0.5329,699,345,742,379
367,2,0.2674,682,297,709,324
368,2,0.7534,729,408,782,449
368,2,0.6218,698,341,736,375
368,2,0.6024,326,439,416,525
368,2,0.5575,788,381,836,417
369,2,0.7632,728,403,780,446
369,2,0.6646,786,378,833,412
369,2,0.6405,697,342,737,374
369,2,0.6269,318,444,409,535
370,2,0.7067,1024,683,1204,719
370,2,0.6957,295,457,394,555
370,2,0.6757,781,374,845,413
370,2,0.6502,725,398,777,437
370,2,0.6350,697,340,740,371
371,2,0.7046,1009,660,1196,719
371,2,0.6815,282,465,386,567
371,2,0.6752,722,394,775,433
371,2,0.6539,696,341,740,371
371,2,0.5750,779,371,845,411
371,2,0.5704,778,372,826,408
372,2,0.8254,255,481,365,588
372,2,0.8083,720,387,769,428
372,2,0.7766,979,624,1198,718
372,2,0.5835,776,368,822,403
372,2,0.3926,775,367,845,406
372,2,0.3529,694,335,732,368
372,2,0.2859,690,322,729,365
373,2,0.8421,965,609,1131,718
373,2,0.8121,240,486,359,600
373,2,0.8073,718,385,767,424
373,2,0.5505,775,366,823,402
373,2,0.4577,694,333,729,364
373,2,0.4031,773,365,847,405
373,2,0.3311,692,323,729,365
374,2,0.8350,206,506,336,632
374,2,0.7762,941,580,1093,704
374,2,0.7662,716,380,763,417
374,2,0.6461,770,362,818,396
374,2,0.5475,695,326,727,361
374,2,0.2781,716,382,782,421
375,2,0.8209,188,517,325,643
375,2,0.8114,930,568,1076,686
375,2,0.7126,769,360,815,393
375,2,0.7032,715,378,762,415
375,2,0.4972,695,326,728,360
376,2,0.8416,142,540,299,692
376,2,0.8336,912,545,1044,647
376,2,0.6548,713,373,763,409
376,2,0.5990,768,358,811,388
376,2,0.4798,768,358,822,392
376,2,0.4431,694,327,729,357
377,2,0.8486,117,554,284,710
377,2,0.7811,902,535,1029,636
377,2,0.6913,712,372,768,406
377,2,0.6615,767,355,807,386
377,2,0.3682,694,320,730,356
378,2,0.7823,61,575,249,718
378,2,0.7633,888,515,1003,608
378,2,0.7466,710,367,757,401
378,2,0.6608,764,354,805,384
378,2,0.3658,693,318,726,353
379,2,0.8006,881,508,990,595
379,2,0.7523,709,366,758,399
379,2,0.7120,763,351,803,381
379,2,0.6968,26,600,229,718
379,2,0.3918,692,321,727,352
380,2,0.7239,2,641,183,718
380,2,0.7026,707,364,756,392
380,2,0.6819,867,486,971,577
380,2,0.6214,760,347,802,379
380,2,0.4309,692,321,728,351
381,2,0.6879,862,476,960,563
381,2,0.6704,707,361,758,391
381,2,0.6470,0,663,155,719
381,2,0.5232,758,347,801,376
381,2,0.3213,690,318,726,350
382,2,0.7805,851,472,942,545
382,2,0.7537,756,343,797,373
382,2,0.5580,704,357,744,386
382,2,0.2962,690,319,720,346
383,2,0.7642,755,342,792,369
383,2,0.7057,844,465,935,540
383,2,0.5852,703,356,745,385
383,2,0.3465,691,319,719,345
384,2,0.8000,836,453,921,523
384,2,0.7547,753,341,793,369
384,2,0.7229,702,351,743,382
384,2,0.2914,691,319,716,344
385,2,0.7692,831,448,910,513
385,2,0.7334,752,340,792,368
385,2,0.7278,703,350,744,379
386,2,0.7048,749,338,788,366
386,2,0.6829,701,347,740,374
386,2,0.6783,823,440,899,505
387,2,0.7091,820,434,895,497
387,2,0.6733,701,344,743,372
387,2,0.6713,748,336,787,363
388,2,0.6016,699,339,744,370
388,2,0.5675,748,336,785,361
388,2,0.5039,811,425,883,486
389,2,0.6121,809,422,879,476
389,2,0.5922,698,340,740,368
389,2,0.5054,746,335,784,358
390,2,0.5453,698,338,736,366
390,2,0.5340,744,335,782,357
390,2,0.5048,805,415,867,467
390,2,0.2817,686,307,712,335
391,2,0.4960,744,329,776,355
391,2,0.4817,698,336,732,363
391,2,0.4599,802,413,864,462
391,2,0.2601,684,297,710,334
392,2,0.6578,743,327,774,354
392,2,0.5794,697,332,733,359
392,2,0.5716,797,407,856,455
392,2,0.4132,684,293,709,331
393,2,0.5904,742,328,775,353
393,2,0.5315,697,331,731,358
393,2,0.5013,794,402,851,451
393,2,0.4265,683,294,710,330
394,2,0.5958,741,325,773,350
394,2,0.5946,695,329,733,356
394,2,0.5142,791,395,846,444
394,2,0.3925,682,289,708,327
394,2,0.3762,685,298,708,329
395,2,0.5970,740,323,772,350
395,2,0.5020,790,392,852,441
395,2,0.4644,694,330,733,355
395,2,0.3911,683,289,706,325
395,2,0.3503,686,304,708,329
396,2,0.4991,738,322,768,345
396,2,0.4909,784,388,835,432
396,2,0.3663,685,295,708,328
396,2,0.3054,682,291,705,326
396,2,0.2845,694,329,735,354
397,2,0.6204,737,321,767,345
397,2,0.4713,777,385,834,428
397,2,0.3730,682,290,707,326
397,2,0.2785,694,326,728,351
398,2,0.5066,772,382,827,424
398,2,0.4485,736,319,764,340
398,2,0.3621,693,325,728,350
399,2,0.4936,773,379,822,422
399,2,0.4314,736,319,764,340
399,2,0.3675,771,379,840,423
399,2,0.3235,693,323,726,347
400,2,0.6367,771,376,817,417
400,2,0.4816,736,318,763,339
400,2,0.3810,693,319,723,344
400,2,0.3312,770,375,847,417
401,2,0.5049,770,373,821,413
401,2,0.4279,735,318,763,339
401,2,0.3669,769,372,846,416
401,2,0.3382,693,317,722,343
402,2,0.5912,768,368,814,405
402,2,0.3179,694,317,722,341
402,2,0.3122,731,316,762,338
403,2,0.5446,767,367,812,403
403,2,0.4370,730,308,760,337
403,2,0.3078,693,318,724,340
404,2,0.6210,763,363,804,399
404,2,0.4715,729,305,761,336
405,2,0.5153,762,361,803,398
405,2,0.4691,729,305,760,336
406,2,0.5772,729,307,759,333
406,2,0.4642,755,359,800,393
407,2,0.6452,729,309,760,333
407,2,0.6112,752,355,798,390
407,2,0.2911,682,289,703,317
408,2,0.6807,752,350,797,388
408,2,0.4965,728,305,760,330
408,2,0.2768,682,288,703,316
408,2,0.2634,684,296,713,330
409,2,0.6554,752,350,797,386
409,2,0.4401,728,303,760,329
410,2,0.6880,751,348,792,383
410,2,0.2851,728,302,755,326
411,2,0.5998,751,347,789,382
412,2,0.3729,750,344,788,377
412,2,0.2619,727,301,752,324
413,2,0.3439,747,344,787,375
413,2,0.2618,726,301,751,324
414,2,0.5028,746,341,784,371
414,2,0.3596,725,301,751,323
414,2,0.3411,687,304,714,326
415,2,0.5364,745,340,781,369
415,2,0.2563,687,304,714,325
416,2,0.4254,742,338,778,366
417,2,0.4147,742,337,777,364
418,2,0.4417,741,335,776,362
419,2,0.3239,741,335,773,361
421,2,0.2526,740,328,767,358
422,2,0.2891,738,326,766,355
423,2,0.3595,738,323,766,353
424,2,0.3091,735,321,763,349
425,2,0.3151,735,321,763,348
426,2,0.3551,734,321,761,345
426,2,0.2902,578,287,600,308
427,2,0.3616,735,320,760,344
427,2,0.2525,577,288,600,308
428,2,0.3617,732,318,759,343
428,2,0.3007,576,289,598,310
428,2,0.2529,715,293,738,312
429,2,0.3682,714,292,738,312
429,2,0.3620,576,290,597,310
429,2,0.3245,731,316,759,342
429,2,0.3115,682,283,706,309
430,2,0.4301,574,290,596,311
430,2,0.4002,713,292,738,311
430,2,0.3352,683,288,705,309
430,2,0.3347,729,311,758,340
431,2,0.4082,713,292,737,310
431,2,0.3574,573,291,596,312
431,2,0.3281,682,285,705,308
431,2,0.2544,729,315,758,339
432,2,0.3444,571,293,595,314
432,2,0.3228,713,290,737,308
432,2,0.3030,683,287,706,308
432,2,0.2568,728,312,757,337
433,2,0.3418,571,292,594,313
433,2,0.3036,714,290,738,308
433,2,0.2761,683,287,705,307
433,2,0.2598,728,311,758,337
434,2,0.4232,683,289,708,307
434,2,0.3776,570,292,595,316
434,2,0.3573,728,308,757,333
434,2,0.2816,711,289,736,308
435,2,0.5024,684,288,711,307
435,2,0.4100,569,291,595,317
435,2,0.3234,728,306,756,333
435,2,0.2639,710,288,735,307
436,2,0.4111,684,287,713,306
436,2,0.3061,727,306,753,331
436,2,0.2664,567,292,593,318
437,2,0.4012,684,288,709,306
437,2,0.2862,727,306,750,331
439,2,0.2806,727,306,749,329
444,2,0.2613,554,307,580,327
445,2,0.2712,554,309,580,329
446,2,0.2545,551,308,580,332
448,2,0.2910,546,312,583,336
451,2,0.2710,543,318,578,340
452,2,0.3615,541,320,576,343
453,2,0.4753,540,321,575,344
454,2,0.6649,535,322,573,347
455,2,0.5237,532,323,569,350
456,2,0.7311,529,324,564,352
457,2,0.7263,528,324,563,352
458,2,0.7147,527,325,558,354
459,2,0.7069,525,324,557,357
459,2,0.2524,680,272,701,292
460,2,0.6184,522,325,560,362
461,2,0.5406,520,327,556,363
462,2,0.4266,516,333,553,369
463,2,0.5830,514,336,550,371
464,2,0.5498,511,345,546,374
464,2,0.2824,681,268,703,290
465,2,0.5673,510,346,546,376
465,2,0.2557,681,268,702,290
466,2,0.6806,505,349,544,382
467,2,0.6044,504,350,541,383
468,2,0.5572,499,354,549,388
469,2,0.4800,497,355,537,390
470,2,0.6529,490,359,534,398
471,2,0.5582,487,362,528,403
471,2,0.3246,487,361,548,403
472,2,0.6175,481,369,525,407
472,2,0.4035,484,368,540,407
473,2,0.6990,480,370,524,409
474,2,0.5961,474,375,519,415
474,2,0.3303,472,376,543,419
475,2,0.5897,470,379,517,420
476,2,0.5440,462,386,513,429
477,2,0.6383,458,389,513,434
478,2,0.6488,451,395,506,443
479,2,0.5028,445,400,500,449
480,2,0.7781,436,409,495,461
481,2,0.5306,431,412,492,467
482,2,0.6660,420,421,484,478
483,2,0.6119,413,425,480,485
